partition_dim: [3, 3]
transforms: [0.010228, 0.310912, 0.950192, -0.019076, 0.083382, -1.346578, 0.000000]
