partition_dim: [3, 3]
transforms: [0.345151, -0.928570, 0.130405, 0.040298, 0.304661, 0.112139, 0.000000]
