partition_dim: [3, 3]
transforms: [0.364849, -0.930891, 0.008831, 0.015756, -0.011754, 0.001727, 0.000000]
